33	门派_普陀山全景=>门派_普陀山_潮音洞	101	203,256
34	门派_普陀山_潮音洞=>门派_普陀山全景	102	1162,878
35	门派_普陀山全景=>大唐国境全景	101	1734,1364
36	门派_天宫全景=>长寿郊外全景	75	4678,2995
38	门派_天宫全景=>门派_天宫_凌宵宝殿	75	2942,2111
39	门派_天宫_凌宵宝殿=>门派_天宫全景	76	1542,1075
0	门派_方寸山_灵台宫=>门派_方寸山全景	100	453,797
1	门派_大唐官符_程咬金府=>门派_大唐官府全景	44	738,554
2	门派_大唐官府全景=>门派_大唐官符_程咬金府	136	1594,1151
3	门派_大唐官府全景=>长安全景	136	3138,1921
4	门派__化生寺=>长安全景	2	81,1843
5	门派__化生寺=>门派_化生寺_藏经阁(空度)	2	1824,846
6	大唐境外全景=>大唐国境全景	117	12688,264
7	门派_盘丝岭=>大唐境外全景	197	3779,2897
8	门派_盘丝岭_盘丝洞=>门派_盘丝岭	105	172,1091
9	门派_盘丝岭=>门派_盘丝岭_盘丝洞	197	3818,382
10	门派_狮驼岭_老雕洞=>门派_狮驼岭全景	97	155,505
12	门派_狮驼岭_大象洞=>门派_狮驼岭全景	96	435,487
13	门派_狮驼岭_狮王洞=>门派_狮驼岭_狮王洞	98	180,455
14	门派_狮驼岭全景=>大唐境外全景	95	2423,149
15	门派_魔王褰_魔王居=>门派_魔王寨	106	205,456
16	门派_魔王寨=>门派_魔王褰_魔王居	196	1827,389
17	门派_魔王寨=>大唐境外全景	196	245,1723
18	门派_地府全景=>地府_地狱迷宫1	86	734,203
19	门派_地府全景=>大唐国境全景	86	2800,2270
20	门派_女儿村全景=>门派_女儿村村长家	103	337,398
21	门派_女儿村村长家=>门派_女儿村全景	104	528,409
22	门派_女儿村全景=>傲来国全景	103	2426,2649
23	门派_龙宫全景=>东海湾全景	80	103,2274
24	门派_龙宫全景=>门派_龙宫_水晶宫	80	2246,1058
25	门派_龙宫_水晶宫=>门派_龙宫全景	81	329,682
26	门派_五庄观=>大唐国境全景	107	120,1427
27	门派_五庄观=>门派_五庄观_乾坤殿	107	1143,749
28	门派_五庄观_乾坤殿=>门派_五庄观	108	281,439
